nu1 = 0.955677;
C0 = 8.38928;
C1 = 0.452205;
C2 = 8.08761;
C3 = 0.415429;
kappa = 489.573;
caseId = 15;
