nu1 = 0.154791;
C0 = 0.877757;
C1 = 0.0950012;
C2 = 1.39474;
C3 = 0.00941773;
kappa = 133.66;
caseId = 11;
