nu1 = 0.765526;
C0 = 7.26333;
C1 = 0.382051;
C2 = 6.70905;
C3 = 0.39707;
kappa = 413.74;
caseId = 14;
