nu1 = 0.528773;
C0 = 5.64552;
C1 = 0.251898;
C2 = 4.45448;
C3 = 0.255458;
kappa = 238.126;
caseId = 13;
