nu1 = 0.352228;
C0 = 3.57213;
C1 = 0.121683;
C2 = 2.90077;
C3 = 0.13708;
kappa = 224.969;
caseId = 12;
